"V1" "V2" "V3" "V4" "V5" "V6"
"1" 0 70 65 63 210 124
"2" 70 0 58 72 247 138
"3" 65 58 0 41 184 109
"4" 63 72 41 0 190 117
"5" 210 247 184 190 0 113
"6" 124 138 109 117 113 0
