"V1" "V2" "V3" "V4" "V5" "V6"
"1" 0 16 61 15 39 55
"2" 16 0 56 23 54 45
"3" 61 56 0 7 63 62
"4" 15 23 7 0 26 33
"5" 39 54 63 26 0 6
"6" 55 45 62 33 6 0
